1.199999999999999956e-01
5.500000000000000444e-01
5.499999999999999334e-01
4.599999999999999645e-01
5.100000000000000089e-01
4.900000000000002132e-01
5.099999999999997868e-01
4.900000000000002132e-01
4.899999999999997691e-01
5.000000000000000000e-01
5.200000000000004619e-01
4.899999999999993250e-01
5.100000000000006750e-01
4.799999999999995381e-01
5.200000000000004619e-01
4.899999999999993250e-01
5.000000000000000000e-01
4.900000000000002132e-01
5.199999999999995737e-01
4.900000000000002132e-01
5.600000000000004974e-01
5.299999999999993605e-01
5.300000000000011369e-01
5.099999999999997868e-01
5.000000000000000000e-01
5.000000000000000000e-01
5.000000000000000000e-01
5.000000000000000000e-01
4.900000000000002132e-01
5.099999999999997868e-01
5.000000000000000000e-01
5.000000000000000000e-01
4.999999999999982236e-01
5.000000000000000000e-01
5.000000000000000000e-01
5.000000000000000000e-01
5.000000000000000000e-01
5.000000000000000000e-01
5.100000000000015632e-01
4.899999999999984368e-01
5.000000000000000000e-01
4.800000000000004263e-01
5.199999999999995737e-01
5.000000000000000000e-01
5.000000000000000000e-01
5.000000000000000000e-01
5.000000000000000000e-01
5.000000000000000000e-01
4.900000000000019895e-01
5.099999999999980105e-01
5.000000000000000000e-01
5.000000000000000000e-01
4.900000000000019895e-01
5.099999999999980105e-01
5.100000000000015632e-01
4.899999999999984368e-01
5.000000000000000000e-01
5.000000000000000000e-01
5.000000000000000000e-01
5.000000000000000000e-01
4.900000000000019895e-01
5.000000000000000000e-01
5.099999999999980105e-01
5.000000000000000000e-01
4.899999999999984368e-01
5.100000000000051159e-01
5.000000000000000000e-01
5.000000000000000000e-01
4.899999999999948841e-01
5.100000000000051159e-01
4.899999999999948841e-01
5.100000000000051159e-01
5.000000000000000000e-01
5.000000000000000000e-01
5.000000000000000000e-01
5.000000000000000000e-01
5.000000000000000000e-01
5.000000000000000000e-01
5.000000000000000000e-01
5.000000000000000000e-01
4.899999999999948841e-01
5.100000000000051159e-01
5.000000000000000000e-01
5.000000000000000000e-01
